MouseSensitivity=1
BgmVolume=0.113636
SfxVolume=0.0833333
